0.000,0.000,0.500,-1,0.000,0.000,0.000
0.050,0.040,0.508,-1,0.800,0.169,0.000
0.100,0.081,0.514,-1,0.827,0.103,0.000
0.150,0.124,0.515,-1,0.848,0.035,0.000
0.200,0.167,0.514,-1,0.863,-0.036,0.000
0.250,0.210,0.508,-1,0.872,-0.109,0.000
0.300,0.254,0.499,-1,0.875,-0.183,0.000
0.350,0.298,0.486,-1,0.872,-0.259,0.000
0.400,0.341,0.469,-1,0.862,-0.336,0.000
0.450,0.383,0.449,-1,0.845,-0.412,0.000
0.500,0.424,0.424,-1,0.822,-0.488,0.000
0.550,0.464,0.396,-1,0.792,-0.562,0.000
0.600,0.502,0.364,-1,0.755,-0.635,0.000
0.650,0.537,0.329,-1,0.711,-0.705,0.000
0.700,0.570,0.291,-1,0.662,-0.772,0.000
0.750,0.601,0.249,-1,0.606,-0.836,0.000
0.800,0.628,0.204,-1,0.544,-0.896,0.000
0.850,0.651,0.156,-1,0.476,-0.951,0.000
0.900,0.672,0.106,-1,0.403,-1.001,0.000
0.950,0.688,0.054,-1,0.325,-1.045,0.000
1.000,0.700,-0.000,-1,0.243,-1.083,0.000
1.050,0.708,-0.056,-1,0.156,-1.114,0.000
1.100,0.711,-0.113,-1,0.066,-1.139,0.000
1.150,0.710,-0.170,-1,-0.026,-1.156,0.000
1.200,0.704,-0.229,-1,-0.121,-1.165,0.000
1.250,0.693,-0.287,-1,-0.217,-1.167,0.000
1.300,0.677,-0.345,-1,-0.315,-1.160,0.000
1.350,0.657,-0.402,-1,-0.413,-1.146,0.000
1.400,0.631,-0.458,-1,-0.510,-1.123,0.000
1.450,0.601,-0.513,-1,-0.606,-1.092,0.000
1.500,0.566,-0.566,-1,-0.701,-1.052,0.000
1.550,0.526,-0.616,-1,-0.793,-1.005,0.000
1.600,0.482,-0.663,-1,-0.881,-0.949,0.000
1.650,0.434,-0.708,-1,-0.966,-0.886,0.000
1.700,0.381,-0.748,-1,-1.046,-0.815,0.000
1.750,0.325,-0.785,-1,-1.121,-0.737,0.000
1.800,0.266,-0.818,-1,-1.191,-0.652,0.000
1.850,0.203,-0.846,-1,-1.253,-0.561,0.000
1.900,0.138,-0.869,-1,-1.309,-0.464,0.000
1.950,0.070,-0.887,-1,-1.357,-0.362,0.000
2.000,-0.000,-0.900,-1,-1.397,-0.255,0.000
2.050,-0.071,-0.907,-1,-1.428,-0.144,0.000
2.100,-0.144,-0.909,-1,-1.450,-0.030,0.000
2.150,-0.217,-0.904,-1,-1.464,0.087,0.000
2.200,-0.290,-0.894,-1,-1.467,0.206,0.000
2.250,-0.364,-0.878,-1,-1.461,0.326,0.000
2.300,-0.436,-0.855,-1,-1.446,0.446,0.000
2.350,-0.507,-0.827,-1,-1.420,0.566,0.000
2.400,-0.576,-0.793,-1,-1.384,0.684,0.000
2.450,-0.643,-0.753,-1,-1.338,0.801,0.000
2.500,-0.707,-0.707,-1,-1.283,0.914,0.000
2.550,-0.768,-0.656,-1,-1.218,1.023,0.000
2.600,-0.825,-0.600,-1,-1.144,1.128,0.000
2.650,-0.878,-0.538,-1,-1.060,1.227,0.000
2.700,-0.927,-0.472,-1,-0.969,1.320,0.000
2.750,-0.970,-0.402,-1,-0.869,1.407,0.000
2.800,-1.008,-0.328,-1,-0.761,1.485,0.000
2.850,-1.040,-0.250,-1,-0.646,1.555,0.000
2.900,-1.067,-0.169,-1,-0.525,1.617,0.000
2.950,-1.087,-0.086,-1,-0.399,1.669,0.000
3.000,-1.100,-0.000,-1,-0.267,1.710,0.000
3.050,-1.107,0.087,-1,-0.132,1.742,0.000
3.100,-1.106,0.175,-1,0.007,1.762,0.000
3.150,-1.099,0.264,-1,0.149,1.772,0.000
3.200,-1.084,0.352,-1,0.291,1.770,0.000
3.250,-1.062,0.440,-1,0.435,1.756,0.000
3.300,-1.034,0.527,-1,0.578,1.731,0.000
3.350,-0.998,0.611,-1,0.720,1.694,0.000
3.400,-0.955,0.694,-1,0.859,1.645,0.000
3.450,-0.905,0.773,-1,0.995,1.585,0.000
3.500,-0.849,0.849,-1,1.127,1.514,0.000
3.550,-0.786,0.920,-1,1.254,1.431,0.000
3.600,-0.717,0.987,-1,1.375,1.338,0.000
3.650,-0.643,1.049,-1,1.488,1.235,0.000
3.700,-0.563,1.105,-1,1.595,1.122,0.000
3.750,-0.478,1.155,-1,1.692,1.000,0.000
3.800,-0.389,1.198,-1,1.780,0.870,0.000
3.850,-0.296,1.235,-1,1.858,0.732,0.000
3.900,-0.200,1.264,-1,1.925,0.587,0.000
3.950,-0.101,1.286,-1,1.980,0.436,0.000
4.000,-0.000,1.300,-1,2.024,0.280,0.000
4.050,0.103,1.306,-1,2.056,0.119,0.000
4.100,0.206,1.304,-1,2.074,-0.044,0.000
4.150,0.310,1.293,-1,2.080,-0.210,0.000
4.200,0.414,1.274,-1,2.072,-0.377,0.000
4.250,0.517,1.247,-1,2.051,-0.544,0.000
4.300,0.617,1.212,-1,2.016,-0.709,0.000
4.350,0.716,1.168,-1,1.968,-0.873,0.000
4.400,0.811,1.116,-1,1.906,-1.033,0.000
4.450,0.903,1.057,-1,1.832,-1.190,0.000
4.500,0.990,0.990,-1,1.744,-1.340,0.000
4.550,1.072,0.916,-1,1.644,-1.485,0.000
4.600,1.149,0.835,-1,1.533,-1.621,0.000
4.650,1.219,0.747,-1,1.409,-1.750,0.000
4.700,1.283,0.654,-1,1.275,-1.869,0.000
4.750,1.340,0.555,-1,1.132,-1.977,0.000
4.800,1.389,0.451,-1,0.978,-2.075,0.000
4.850,1.429,0.343,-1,0.817,-2.160,0.000
4.900,1.462,0.232,-1,0.648,-2.233,0.000
4.950,1.485,0.117,-1,0.473,-2.292,0.000
5.000,1.500,0.000,-1,0.292,-2.338,0.000
5.050,1.505,-0.118,-1,0.107,-2.369,0.000
5.100,1.501,-0.238,-1,-0.081,-2.386,0.000
5.150,1.488,-0.357,-1,-0.271,-2.388,0.000
5.200,1.465,-0.476,-1,-0.462,-2.374,0.000
5.250,1.432,-0.593,-1,-0.652,-2.345,0.000
5.300,1.390,-0.708,-1,-0.841,-2.301,0.000
5.350,1.339,-0.820,-1,-1.027,-2.242,0.000
5.400,1.278,-0.929,-1,-1.208,-2.168,0.000
5.450,1.209,-1.033,-1,-1.384,-2.078,0.000
5.500,1.131,-1.131,-1,-1.553,-1.975,0.000
5.550,1.046,-1.224,-1,-1.715,-1.858,0.000
5.600,0.952,-1.311,-1,-1.868,-1.727,0.000
5.650,0.852,-1.390,-1,-2.011,-1.584,0.000
5.700,0.745,-1.461,-1,-2.143,-1.429,0.000
5.750,0.631,-1.524,-1,-2.262,-1.263,0.000
5.800,0.513,-1.579,-1,-2.369,-1.087,0.000
5.850,0.390,-1.624,-1,-2.462,-0.902,0.000
5.900,0.263,-1.659,-1,-2.541,-0.709,0.000
5.950,0.133,-1.685,-1,-2.604,-0.509,0.000
6.000,0.000,-1.700,-1,-2.652,-0.304,0.000
6.050,-0.134,-1.705,-1,-2.683,-0.095,0.000
6.100,-0.269,-1.699,-1,-2.698,0.118,0.000
6.150,-0.404,-1.682,-1,-2.696,0.332,0.000
6.200,-0.538,-1.655,-1,-2.677,0.547,0.000
6.250,-0.670,-1.617,-1,-2.640,0.761,0.000
6.300,-0.799,-1.568,-1,-2.587,0.972,0.000
6.350,-0.925,-1.509,-1,-2.516,1.180,0.000
6.400,-1.046,-1.440,-1,-2.429,1.382,0.000
6.450,-1.163,-1.361,-1,-2.325,1.578,0.000
6.500,-1.273,-1.273,-1,-2.206,1.767,0.000
6.550,-1.376,-1.176,-1,-2.071,1.946,0.000
6.600,-1.472,-1.070,-1,-1.922,2.115,0.000
6.650,-1.560,-0.956,-1,-1.758,2.272,0.000
6.700,-1.639,-0.835,-1,-1.582,2.417,0.000
6.750,-1.709,-0.708,-1,-1.395,2.548,0.000
6.800,-1.769,-0.575,-1,-1.196,2.664,0.000
6.850,-1.818,-0.437,-1,-0.987,2.765,0.000
6.900,-1.857,-0.294,-1,-0.770,2.849,0.000
6.950,-1.884,-0.148,-1,-0.546,2.916,0.000
7.000,-1.900,-0.000,-1,-0.317,2.966,0.000
7.050,-1.904,0.150,-1,-0.082,2.997,0.000
7.100,-1.896,0.300,-1,0.155,3.010,0.000
7.150,-1.877,0.451,-1,0.394,3.004,0.000
7.200,-1.845,0.599,-1,0.632,2.979,0.000
7.250,-1.802,0.746,-1,0.870,2.935,0.000
7.300,-1.746,0.890,-1,1.104,2.872,0.000
7.350,-1.680,1.029,-1,1.333,2.790,0.000
7.400,-1.602,1.164,-1,1.557,2.690,0.000
7.450,-1.513,1.292,-1,1.773,2.572,0.000
7.500,-1.414,1.414,-1,1.980,2.436,0.000
7.550,-1.305,1.528,-1,2.176,2.284,0.000
7.600,-1.187,1.634,-1,2.361,2.116,0.000
7.650,-1.061,1.731,-1,2.533,1.933,0.000
7.700,-0.926,1.818,-1,2.691,1.736,0.000
7.750,-0.785,1.894,-1,2.833,1.526,0.000
7.800,-0.637,1.959,-1,2.959,1.304,0.000
7.850,-0.483,2.013,-1,3.067,1.073,0.000
7.900,-0.325,2.054,-1,3.157,0.832,0.000
7.950,-0.164,2.084,-1,3.228,0.583,0.000
8.000,-0.000,2.100,-1,3.280,0.329,0.000
8.050,0.166,2.103,-1,3.311,0.070,0.000
8.100,0.332,2.094,-1,3.322,-0.192,0.000
8.150,0.497,2.071,-1,3.312,-0.455,0.000
8.200,0.661,2.035,-1,3.281,-0.718,0.000
8.250,0.823,1.986,-1,3.229,-0.978,0.000
8.300,0.981,1.925,-1,3.157,-1.235,0.000
8.350,1.134,1.850,-1,3.064,-1.487,0.000
8.400,1.281,1.764,-1,2.951,-1.731,0.000
8.450,1.422,1.665,-1,2.818,-1.967,0.000
8.500,1.556,1.556,-1,2.667,-2.193,0.000
8.550,1.680,1.435,-1,2.497,-2.407,0.000
8.600,1.796,1.305,-1,2.310,-2.608,0.000
8.650,1.901,1.165,-1,2.107,-2.794,0.000
8.700,1.996,1.017,-1,1.889,-2.965,0.000
8.750,2.079,0.861,-1,1.657,-3.118,0.000
8.800,2.149,0.698,-1,1.413,-3.253,0.000
8.850,2.207,0.530,-1,1.158,-3.369,0.000
8.900,2.252,0.357,-1,0.893,-3.465,0.000
8.950,2.283,0.180,-1,0.620,-3.540,0.000
9.000,2.300,0.000,-1,0.341,-3.593,0.000
9.050,2.303,-0.181,-1,0.058,-3.625,0.000
9.100,2.291,-0.363,-1,-0.229,-3.634,0.000
9.150,2.266,-0.544,-1,-0.516,-3.620,0.000
9.200,2.225,-0.723,-1,-0.803,-3.583,0.000
9.250,2.171,-0.899,-1,-1.087,-3.524,0.000
9.300,2.103,-1.071,-1,-1.367,-3.442,0.000
9.350,2.021,-1.238,-1,-1.640,-3.338,0.000
9.400,1.925,-1.399,-1,-1.906,-3.212,0.000
9.450,1.817,-1.552,-1,-2.162,-3.065,0.000
9.500,1.697,-1.697,-1,-2.406,-2.898,0.000
9.550,1.565,-1.833,-1,-2.638,-2.710,0.000
9.600,1.422,-1.958,-1,-2.855,-2.505,0.000
9.650,1.270,-2.072,-1,-3.055,-2.282,0.000
9.700,1.108,-2.174,-1,-3.239,-2.043,0.000
9.750,0.938,-2.264,-1,-3.403,-1.789,0.000
9.800,0.760,-2.340,-1,-3.548,-1.522,0.000
9.850,0.577,-2.402,-1,-3.671,-1.243,0.000
9.900,0.388,-2.449,-1,-3.773,-0.954,0.000
9.950,0.195,-2.482,-1,-3.852,-0.657,0.000
10.000,-0.000,-2.500,-1,-3.907,-0.354,0.000
10.050,-0.197,-2.502,-1,-3.939,-0.045,0.000
10.100,-0.394,-2.489,-1,-3.946,0.266,0.000
10.150,-0.591,-2.460,-1,-3.928,0.578,0.000
10.200,-0.785,-2.416,-1,-3.886,0.888,0.000
10.250,-0.976,-2.356,-1,-3.819,1.196,0.000
10.300,-1.162,-2.281,-1,-3.727,1.498,0.000
10.350,-1.343,-2.191,-1,-3.612,1.794,0.000
10.400,-1.516,-2.087,-1,-3.473,2.080,0.000
10.450,-1.682,-1.969,-1,-3.312,2.356,0.000
10.500,-1.838,-1.838,-1,-3.128,2.619,0.000
10.550,-1.985,-1.695,-1,-2.924,2.868,0.000
10.600,-2.120,-1.540,-1,-2.699,3.101,0.000
10.650,-2.242,-1.374,-1,-2.456,3.317,0.000
10.700,-2.352,-1.199,-1,-2.196,3.513,0.000
10.750,-2.448,-1.014,-1,-1.920,3.688,0.000
10.800,-2.530,-0.822,-1,-1.631,3.843,0.000
10.850,-2.596,-0.623,-1,-1.328,3.974,0.000
10.900,-2.647,-0.419,-1,-1.016,4.081,0.000
10.950,-2.682,-0.211,-1,-0.694,4.164,0.000
11.000,-2.700,0.000,-1,-0.366,4.221,0.000
11.050,-2.702,0.213,-1,-0.033,4.252,0.000
11.100,-2.687,0.426,-1,0.303,4.258,0.000
11.150,-2.655,0.637,-1,0.639,4.236,0.000
11.200,-2.606,0.847,-1,0.974,4.188,0.000
11.250,-2.541,1.052,-1,1.305,4.113,0.000
11.300,-2.459,1.253,-1,1.630,4.013,0.000
11.350,-2.362,1.447,-1,1.947,3.886,0.000
11.400,-2.249,1.634,-1,2.255,3.734,0.000
11.450,-2.122,1.812,-1,2.551,3.558,0.000
11.500,-1.980,1.980,-1,2.833,3.359,0.000
11.550,-1.825,2.137,-1,3.099,3.137,0.000
11.600,-1.658,2.281,-1,3.348,2.894,0.000
11.650,-1.479,2.413,-1,3.578,2.631,0.000
11.700,-1.289,2.530,-1,3.787,2.350,0.000
11.750,-1.091,2.633,-1,3.974,2.052,0.000
11.800,-0.884,2.720,-1,4.137,1.739,0.000
11.850,-0.670,2.791,-1,4.276,1.414,0.000
11.900,-0.451,2.845,-1,4.389,1.077,0.000
11.950,-0.227,2.881,-1,4.476,0.731,0.000
